9000
8081 14
8130 25135 25569 35500 40230 42901 42902 42903 42904 42905 42906 42907 42908 42909 
162 14
1107 1108 1109 1110 1111 1112 1113 1114 1115 1116 1117 1118 1119 1120 
29848 13
14247 17260 33352 37343 45576 53832 58849 70408 72153 72732 75998 76698 78524 
28646 13
1921 5314 7067 9053 9059 23817 23879 26937 60612 65364 74489 76921 77920 
27372 13
1089 4391 16719 18527 22309 32307 62627 63116 63129 65744 74584 75853 77250 
26141 13
5605 13862 31544 46925 50655 51794 64762 68304 69697 72737 72851 76543 76544 
26084 13
524 9310 24895 27227 27660 38122 38701 40036 51532 58484 59510 61321 76509 
25430 13
880 6896 34381 37079 49979 53547 54597 58031 60817 67865 71710 72572 76097 
23907 13
17619 31917 31984 40573 43542 45551 51969 54503 59058 59996 73895 75027 75028 
23662 13
122 5986 23124 40144 42757 51526 53664 66180 67881 67882 71553 74833 74834 
22759 13
1097 2149 6883 17529 21863 36255 38156 47717 49662 56634 60624 69820 74104 
22384 13
9375 14151 14462 34026 42859 43455 49095 53393 61808 65871 69892 70492 73755 
22086 13
9196 12431 19821 25555 38179 42919 51217 51352 51856 63466 65963 73478 73479 
21067 13
11238 14782 23337 24345 26551 27184 35866 41940 46507 47958 48689 66685 72407 
20827 13
2521 22680 31625 35508 38364 43064 45814 47840 51835 57135 69797 72140 72141 
20755 13
20128 20365 29312 34547 43606 51468 51593 55903 58515 63283 64417 69662 72065 
20559 13
5640 13373 22277 24812 33724 50504 53319 61994 65040 67321 69135 71832 71833 
20307 13
17631 25403 26437 27055 34508 44035 55657 57912 59472 63415 71555 71556 71557 
18430 13
1253 19387 20391 33362 54293 56366 56778 64232 65555 69169 69170 69171 69172 
17835 13
26016 26338 30014 41313 60758 61307 64579 66819 68305 68306 68307 68308 68309 
17737 13
1210 2883 12236 13492 15936 27125 45813 48066 56858 58808 68156 68157 68158 
17443 13
2254 2940 12011 16321 22411 37331 37498 46674 65012 67678 67679 67680 67681 
16630 13
9069 14033 30162 31423 39132 41261 43306 47280 52978 54969 66406 66407 66408 
16352 13
85 19964 22095 38425 42266 50653 60055 60660 65892 65893 65894 65895 65896 
15709 13
4368 24617 32266 36182 50947 54329 58185 61853 64679 64680 64681 64682 64683 
15139 13
17186 18367 23372 34650 36767 42144 54993 55492 60435 63505 63507 63508 63509 
14888 13
2987 10200 15476 24038 34680 39501 41186 53011 62985 62986 62987 62988 62989 
11786 13
6879 12252 26670 38898 41586 45560 45837 46631 50813 53505 55403 55404 55405 
11518 13
3409 4116 9622 23256 28555 29267 37327 42470 49635 54652 54653 54654 54655 
9781 13
2390 12368 20362 34600 40904 41280 42972 45656 49124 49125 49126 49127 49128 
8830 13
5840 11165 13498 14503 14569 26770 43019 45789 45790 45791 45792 45793 45794 
8540 13
2873 17452 17616 27996 29596 39123 44707 44708 44709 44710 44711 44712 44713 
7734 13
4284 13385 16180 21153 21571 23756 41510 41511 41512 41513 41514 41515 41516 
6550 13
4253 22576 23004 23847 26863 26925 31269 36497 36498 36499 36500 36501 36502 
6039 13
324 6900 7675 11340 13964 32844 34227 34229 34230 34231 34232 34233 34234 
5525 13
24455 26417 27552 31803 31805 31806 31807 31808 31809 31810 31811 31812 31813 
3402 13
5075 12982 20963 20964 20965 20966 20967 20968 20969 20970 20971 20972 20973 
29982 12
3125 5914 8255 35487 36917 40262 43343 44769 48029 61100 66081 78591 
29976 12
14540 16132 17471 19823 22716 24401 37962 53520 61530 71162 71258 78588 
29412 12
14337 21131 26185 33868 33972 40674 47891 50223 54059 57754 72249 78306 
29210 12
9586 17339 39901 46539 55550 56091 63084 66229 68748 70789 72898 78204 
29098 12
2715 9717 16761 18110 21130 23659 44929 67951 68472 69038 75382 78148 
29011 12
28318 28403 32870 36869 58668 66632 66757 67943 70544 75281 75987 78104 
28975 12
5099 22458 28012 28131 34946 36851 39956 53286 67051 73302 74164 78086 
28813 12
6315 18871 20693 28960 36928 39979 40005 44388 55646 63641 69927 78005 
28753 12
5813 9332 13879 18164 23831 38060 38206 41204 53458 63166 77360 77975 
28670 12
14081 17466 31918 43089 45481 50981 52960 58449 66246 68380 70791 77933 
28658 12
2657 3780 14779 19898 25286 44816 57976 65128 66381 75500 77926 77927 
28412 12
9384 28968 30563 31743 34072 35868 36946 45967 64622 68091 69576 77799 
28332 12
3877 21822 26421 27340 31214 32502 38670 48237 56371 58325 77177 77759 
27925 12
6818 21629 28388 34270 38899 57928 67197 68322 69670 70725 72609 77548 
27898 12
20074 42829 49167 53279 54033 55240 58697 63535 63710 71399 72604 77535 
27857 12
1348 25336 27315 36144 37485 50431 51309 58523 68627 71191 73095 77512 
27812 12
9652 26067 28507 39728 57280 57287 59486 60535 61477 67031 73357 77489 
27627 12
2360 6187 27268 29550 48126 51371 55161 64201 65530 72411 72949 77392 
